 -2.00000000e+00 -1.82090665e+00
 -1.90000000e+00 -1.78682616e+00
 -1.80000000e+00 -2.05654930e+00
 -1.70000000e+00 -2.49379951e+00
 -1.60000000e+00 -1.52157718e+00
 -1.50000000e+00 -4.14662807e-01
 -1.40000000e+00 -2.08826318e+00
 -1.30000000e+00 -9.49491707e-01
 -1.20000000e+00 -5.24250157e-01
 -1.10000000e+00 -1.67479491e-01
 -1.00000000e+00 -9.36095705e-02
 -9.00000000e-01 -4.16094427e-01
 -8.00000000e-01 1.29000219e-01
 -7.00000000e-01 1.40675199e-01
 -6.00000000e-01 -3.88608722e-01
 -5.00000000e-01 -2.33643581e-01
 -4.00000000e-01 -4.61254893e-02
 -3.00000000e-01 -7.76831175e-01
 -2.00000000e-01 -4.69357369e-01
 -1.00000000e-01 1.83499093e-01
 0.00000000e+00 6.08245370e-01
 1.00000000e-01 1.56966594e+00
 2.00000000e-01 2.17511985e+00
 3.00000000e-01 1.66893884e+00
 4.00000000e-01 2.53447210e+00
 5.00000000e-01 2.06872441e+00
 6.00000000e-01 3.68788944e+00
 7.00000000e-01 5.03822552e+00
 8.00000000e-01 4.85562290e+00
 9.00000000e-01 5.37359571e+00
 1.00000000e+00 6.76504449e+00
 1.10000000e+00 7.13158758e+00
 1.20000000e+00 7.27676729e+00
 1.30000000e+00 8.25618376e+00
 1.40000000e+00 1.10444331e+01
 1.50000000e+00 1.11653513e+01
 1.60000000e+00 1.29720741e+01
 1.70000000e+00 1.41069161e+01
 1.80000000e+00 1.71084369e+01
 1.90000000e+00 1.81894545e+01
 2.00000000e+00 2.02726764e+01
