u v w
5.30117187e+00 3.14233020e+00 1.00000000e+00
 -2.30025059e+00 -1.24834681e+00 -1.00000000e+00
 9.16082470e-01 7.90014744e+00 -1.00000000e+00
 9.94886438e-01 -5.22270258e+00 -1.00000000e+00
 3.90430504e+00 9.84554118e+00 -1.00000000e+00
 1.98901687e+00 9.61285445e+00 1.00000000e+00
 -5.81640821e+00 6.37933141e+00 -1.00000000e+00
 2.62921902e-01 9.08654384e+00 1.00000000e+00
 2.07270075e+00 -5.76530854e+00 1.00000000e+00
 6.28468300e+00 5.67039189e+00 1.00000000e+00
 4.83679753e+00 -7.67288131e-01 1.00000000e+00
 9.10213099e+00 -3.27108576e+00 1.00000000e+00
 3.67630191e+00 -4.11013492e+00 -1.00000000e+00
 5.42811665e+00 -4.74675218e+00 1.00000000e+00
 5.53343133e+00 -2.00599262e+00 1.00000000e+00
 -9.59858723e+00 -2.39695014e+00 -1.00000000e+00
 -3.83580209e+00 -2.58033268e+00 -1.00000000e+00
 9.96208946e-01 2.88609533e+00 -1.00000000e+00
 -8.21955515e-02 -7.07060871e+00 -1.00000000e+00
 -5.54866484e+00 -8.42329052e+00 -1.00000000e+00
 7.54623969e+00 -4.45152408e+00 1.00000000e+00
 2.49750118e+00 -7.78722802e+00 -1.00000000e+00
 -3.59446745e+00 -4.87652806e-01 -1.00000000e+00
 -6.06961960e+00 8.84084890e+00 -1.00000000e+00
 9.72113467e+00 8.17368141e+00 1.00000000e+00
 6.63447059e+00 1.72952884e+00 1.00000000e+00
 6.59537042e-01 7.59682317e+00 1.00000000e+00
 6.34018491e+00 9.59357397e+00 1.00000000e+00
 5.65239760e+00 3.72802111e+00 1.00000000e+00
 4.72070696e+00 -3.01193183e+00 1.00000000e+00
 -4.97860254e+00 3.57679868e+00 -1.00000000e+00
 2.74978134e+00 4.96297164e+00 1.00000000e+00
 -7.32849519e+00 6.48070646e+00 -1.00000000e+00
 7.51648623e+00 2.99230400e+00 1.00000000e+00
 -8.03511144e+00 -7.63629896e+00 -1.00000000e+00
 -8.60842770e+00 -5.13149780e+00 -1.00000000e+00
 3.22213796e+00 7.22666636e+00 1.00000000e+00
 3.87234922e+00 -4.87411038e+00 1.00000000e+00
 1.30102522e+00 7.56817399e+00 1.00000000e+00
 -2.60147162e+00 8.67188230e+00 1.00000000e+00
 2.23293369e-01 8.02684228e+00 -1.00000000e+00
 6.00658958e+00 5.05028573e+00 1.00000000e+00
 -9.81634599e+00 9.39991512e+00 -1.00000000e+00
 -1.67518073e+00 9.57185315e-01 -1.00000000e+00
 9.39621046e+00 -4.17770017e+00 1.00000000e+00
 1.69426562e+00 5.11031099e+00 -1.00000000e+00
 -7.25948506e+00 -9.95395019e+00 -1.00000000e+00
 -1.48434369e+00 8.11722878e+00 -1.00000000e+00
 7.40839636e+00 -1.34521477e+00 1.00000000e+00
 -6.21669685e+00 -6.24503669e+00 -1.00000000e+00
 -9.21099852e+00 -4.61370175e+00 -1.00000000e+00
 -4.53980797e+00 -2.52925295e+00 -1.00000000e+00
 -5.94566659e+00 4.80171185e+00 -1.00000000e+00
 -3.91556833e+00 -6.73470488e+00 -1.00000000e+00
 -3.97732144e+00 4.55241739e+00 -1.00000000e+00
 -5.47581927e+00 -6.25223938e+00 -1.00000000e+00
 -2.24201402e+00 -1.91761734e+00 -1.00000000e+00
 3.13565334e+00 2.94593536e+00 1.00000000e+00
 -4.96232827e+00 7.27860793e+00 -1.00000000e+00
 -8.19293056e+00 -7.70256314e+00 -1.00000000e+00
 4.65408305e+00 5.85025480e+00 1.00000000e+00
 -7.22684017e+00 -3.06945597e-02 -1.00000000e+00
 3.60780770e+00 4.57354359e+00 1.00000000e+00
 -7.69141520e+00 2.17047467e+00 -1.00000000e+00
 8.53975515e+00 3.87476092e+00 1.00000000e+00
 4.42183615e-01 8.11347512e+00 1.00000000e+00
 3.59171952e+00 7.84899529e+00 1.00000000e+00
 -4.53250433e+00 3.65116265e+00 -1.00000000e+00
 7.06444648e+00 -3.78486587e-01 1.00000000e+00
 -9.41915875e+00 3.93989093e+00 -1.00000000e+00
 -2.61987800e+00 -6.80158965e+00 -1.00000000e+00
 4.60246996e+00 6.04146920e-01 1.00000000e+00
 -4.29380066e+00 5.80046484e-01 -1.00000000e+00
 6.29741952e-01 5.07908701e+00 1.00000000e+00
 8.80532983e+00 4.24652268e+00 1.00000000e+00
 2.79844327e+00 -8.47744681e+00 -1.00000000e+00
 3.88406387e+00 5.44640996e+00 1.00000000e+00
 -5.80819580e+00 6.86789970e+00 1.00000000e+00
 1.20690275e+00 -5.89124365e+00 1.00000000e+00
 1.58796635e+00 -1.78775336e+00 1.00000000e+00
 4.90383037e+00 9.82690710e+00 -1.00000000e+00
 -4.05202013e+00 9.87758849e+00 -1.00000000e+00
 -2.92090476e+00 -1.22244294e+00 -1.00000000e+00
 -7.93690978e-01 -5.67360959e+00 -1.00000000e+00
 8.37556998e+00 7.34313512e+00 1.00000000e+00
 8.71332861e-01 3.56963452e+00 1.00000000e+00
 6.61914189e-01 -9.92588669e+00 -1.00000000e+00
 2.52683416e-01 2.44254840e+00 -1.00000000e+00
 -7.77018260e+00 7.05887794e+00 1.00000000e+00
 -5.54207875e+00 -5.30668025e+00 -1.00000000e+00
 -2.62950968e+00 2.87255148e+00 -1.00000000e+00
 2.06793605e+00 -6.04287307e+00 -1.00000000e+00
 -9.43329477e+00 -3.41510593e+00 -1.00000000e+00
 -4.21525389e+00 -5.48679783e-01 -1.00000000e+00
 8.65408374e+00 -8.12518684e-01 1.00000000e+00
 -4.20964309e+00 8.89197784e+00 1.00000000e+00
 -1.04476562e+00 6.66335552e+00 1.00000000e+00
 8.17618393e+00 8.80443443e+00 1.00000000e+00
 5.00788314e+00 -5.52071960e+00 1.00000000e+00
 -5.48900739e+00 -2.16637292e+00 -1.00000000e+00
 -9.83492573e+00 -7.04925884e+00 -1.00000000e+00
 -6.30460759e+00 7.93855856e+00 -1.00000000e+00
 7.36138899e+00 3.66088225e+00 1.00000000e+00
 -8.79267685e+00 -4.53360851e+00 -1.00000000e+00
 4.55412976e+00 7.84366889e+00 1.00000000e+00
 -1.69838217e+00 -4.75410799e+00 -1.00000000e+00
 -7.77789475e+00 9.03418024e+00 1.00000000e+00
 -4.95396436e+00 1.29033050e+00 -1.00000000e+00
 -4.50159123e+00 1.85683794e+00 -1.00000000e+00
 2.18408129e+00 -1.93580989e+00 -1.00000000e+00
 -9.85730886e+00 -4.88148059e+00 -1.00000000e+00
 5.02921222e+00 1.48119838e-01 1.00000000e+00
 9.38652594e+00 5.77994112e+00 1.00000000e+00
 -8.81875999e-01 -6.68272886e+00 -1.00000000e+00
 -7.03232176e+00 4.47446780e+00 -1.00000000e+00
 8.50794784e+00 -1.46414065e+00 1.00000000e+00
 -2.48315290e+00 2.88057900e+00 -1.00000000e+00
 -9.38254495e+00 8.47490424e+00 1.00000000e+00
 -4.57097631e+00 -2.15719976e+00 -1.00000000e+00
 3.48360530e+00 -5.76117968e+00 -1.00000000e+00
 4.23292823e+00 -9.51493240e+00 -1.00000000e+00
 4.73213594e+00 -5.18905222e+00 -1.00000000e+00
 9.80519711e+00 -3.21020515e+00 1.00000000e+00
 -4.60543012e-01 7.68172878e+00 1.00000000e+00
 3.59788692e+00 5.06587762e+00 1.00000000e+00
 -2.54385560e+00 -6.24395969e-01 -1.00000000e+00
 9.27459346e+00 -3.39421686e+00 1.00000000e+00
 7.16513702e+00 4.26174431e+00 1.00000000e+00
 -6.56108439e+00 -6.20233532e+00 -1.00000000e+00
 -9.70519534e+00 -7.64970492e+00 -1.00000000e+00
 6.78220889e+00 3.11004595e+00 1.00000000e+00
 -3.60299516e+00 -3.12319180e+00 -1.00000000e+00
 9.69842430e+00 -3.95837350e+00 1.00000000e+00
 -7.50586238e+00 6.64156050e+00 -1.00000000e+00
 -6.17209060e+00 6.43893729e+00 -1.00000000e+00
 -6.19882659e+00 -2.51435081e+00 -1.00000000e+00
 2.56718867e+00 1.61761626e+00 1.00000000e+00
 9.91132959e+00 5.83742097e+00 1.00000000e+00
 7.71371329e+00 3.56400079e+00 1.00000000e+00
 -4.85234208e+00 -2.77551678e+00 -1.00000000e+00
 7.89606071e+00 -4.47542979e+00 1.00000000e+00
 -5.05624407e+00 -3.17384428e-01 -1.00000000e+00
 4.42991751e+00 -1.15436391e+00 1.00000000e+00
 -7.48304408e+00 -7.29316241e+00 -1.00000000e+00
 -8.84019110e+00 -1.00438555e+00 -1.00000000e+00
 8.16064317e+00 6.17546065e+00 1.00000000e+00
 9.13017422e+00 -4.37179361e+00 1.00000000e+00
 -2.93331946e-01 -7.48301574e+00 -1.00000000e+00
 9.32139626e+00 9.67487980e+00 1.00000000e+00
 3.61638606e+00 -5.61003687e+00 1.00000000e+00
 -8.67864959e-01 4.83423654e+00 -1.00000000e+00
 -9.52764156e+00 9.24066929e+00 1.00000000e+00
 -3.93078388e-01 -3.63700302e+00 -1.00000000e+00
 6.21113805e+00 -1.90201610e+00 1.00000000e+00
 1.78585080e+00 8.90813499e+00 1.00000000e+00
 5.10271916e-01 -5.01156094e+00 1.00000000e+00
 -2.97699200e-01 -8.56948814e+00 -1.00000000e+00
 4.42061550e+00 -2.48012711e-01 1.00000000e+00
 5.16014868e+00 2.76457497e-01 1.00000000e+00
 1.80861602e+00 2.79959314e+00 1.00000000e+00
 -5.71466546e+00 2.78441149e+00 -1.00000000e+00
 -5.58474130e+00 6.89004391e+00 -1.00000000e+00
 3.50696128e+00 -6.87906271e+00 -1.00000000e+00
 -9.11275409e+00 3.71050625e+00 -1.00000000e+00
 8.27570720e+00 2.59122764e+00 1.00000000e+00
 -2.77033169e+00 -9.33664424e+00 -1.00000000e+00
 -1.58046531e-01 -4.00347748e-01 -1.00000000e+00
 -4.76598610e-01 1.35818292e+00 -1.00000000e+00
 -6.29182220e+00 6.63165172e+00 -1.00000000e+00
 2.12656164e+00 -4.54538639e+00 -1.00000000e+00
 5.09807977e-02 -6.26818894e+00 -1.00000000e+00
 5.85569163e+00 -6.98299755e+00 1.00000000e+00
 -7.51853592e+00 6.08036791e+00 -1.00000000e+00
 6.05996103e+00 8.64633788e+00 1.00000000e+00
 -1.86808620e+00 -1.77763935e+00 -1.00000000e+00
 1.83964277e+00 -8.16253827e+00 -1.00000000e+00
 -4.77068791e+00 3.20271237e+00 -1.00000000e+00
 4.35723675e+00 -3.00461370e+00 1.00000000e+00
 -4.88000475e+00 1.60369507e+00 -1.00000000e+00
 4.25526441e+00 -6.88201318e-03 1.00000000e+00
 -9.07896718e+00 1.31153239e+00 -1.00000000e+00
 6.50344005e+00 -6.73340577e+00 -1.00000000e+00
 9.38709333e+00 9.98677660e+00 1.00000000e+00
 -8.05192742e+00 7.94573679e+00 -1.00000000e+00
 6.18309394e+00 -4.20089151e+00 -1.00000000e+00
 -2.89226641e+00 -3.48950747e-01 -1.00000000e+00
 1.64382248e+00 1.16406552e+00 -1.00000000e+00
 1.74178590e+00 -2.31633264e-01 1.00000000e+00
 6.58651583e+00 -2.72620985e-01 1.00000000e+00
 9.99777956e+00 1.93508801e+00 1.00000000e+00
 1.76965543e+00 2.66343587e-02 1.00000000e+00
 -1.95922041e+00 1.42415096e+00 -1.00000000e+00
 -5.48672091e+00 8.24507146e+00 -1.00000000e+00
 -9.60695055e+00 8.08283755e+00 -1.00000000e+00
 1.28642494e-01 -4.99344456e+00 -1.00000000e+00
 -6.50147089e+00 2.42727090e-01 -1.00000000e+00
 8.16029815e+00 7.60945062e+00 1.00000000e+00
 6.83599768e-01 -4.39407130e+00 -1.00000000e+00
 3.38140241e+00 -7.56882880e+00 -1.00000000e+00
 -4.81946053e+00 -6.61719318e-01 -1.00000000e+00
 -7.96610430e+00 8.46692404e+00 -1.00000000e+00
 -8.55525283e+00 7.56884853e-01 -1.00000000e+00
 4.16066905e+00 8.37914936e+00 1.00000000e+00
 7.96503507e+00 -5.61812307e+00 1.00000000e+00
 5.74200561e+00 3.77150421e+00 1.00000000e+00
 -6.70000285e+00 8.36706868e+00 1.00000000e+00
 -8.26495939e+00 -1.70552301e+00 -1.00000000e+00
 -8.17475984e+00 5.47137755e+00 -1.00000000e+00
 8.95785036e+00 -2.79071004e+00 1.00000000e+00
 2.16425436e+00 -7.53691434e+00 -1.00000000e+00
 4.26203718e+00 -8.13011472e+00 1.00000000e+00
 -7.13664441e+00 4.69628388e+00 -1.00000000e+00
 -5.38670586e+00 8.11596592e+00 1.00000000e+00
 -6.56524862e-02 -2.40943738e+00 -1.00000000e+00
 -3.23375792e+00 -3.64987704e+00 -1.00000000e+00
 7.95083889e+00 9.54752375e+00 1.00000000e+00
 -6.88075088e+00 2.25992940e+00 -1.00000000e+00
 7.34797959e+00 -1.81833900e-01 1.00000000e+00
 -2.72055764e+00 6.14098018e+00 -1.00000000e+00
 9.93990945e+00 -6.82331597e+00 -1.00000000e+00
 -3.90737173e+00 3.10428731e+00 -1.00000000e+00
 -5.35485442e+00 8.70541407e+00 -1.00000000e+00
 6.31627127e+00 4.68112636e+00 1.00000000e+00
 -9.44048653e+00 -6.35230558e+00 -1.00000000e+00
 -9.61557512e+00 -2.06602366e+00 -1.00000000e+00
 -1.81649024e+00 -4.86931405e+00 -1.00000000e+00
 2.64799794e+00 2.79355103e+00 1.00000000e+00
 -4.19016545e+00 -7.82224325e+00 -1.00000000e+00
 -4.39035482e+00 -9.38849803e+00 -1.00000000e+00
 8.55019260e+00 -8.84337815e+00 1.00000000e+00
 -2.28572910e+00 5.42736975e+00 -1.00000000e+00
 7.41435580e+00 -4.75596596e+00 1.00000000e+00
 7.29320239e+00 4.53142976e+00 1.00000000e+00
 -1.02600216e+00 7.75539727e+00 -1.00000000e+00
 7.89752800e+00 3.28099647e+00 1.00000000e+00
 -6.44481984e+00 6.26110349e+00 -1.00000000e+00
 7.40592760e-02 -4.97257424e+00 -1.00000000e+00
 -1.43849382e+00 -5.21222306e+00 -1.00000000e+00
 1.98950408e+00 -3.24295649e+00 1.00000000e+00
 2.18684088e+00 3.39640414e+00 1.00000000e+00
 -8.68345474e+00 -5.90176701e+00 -1.00000000e+00
 2.71190155e+00 5.97916088e+00 1.00000000e+00
 8.39410568e+00 -8.77969894e+00 1.00000000e+00
 -6.61789768e+00 4.02990545e+00 -1.00000000e+00
 -4.93970412e+00 -9.42082469e+00 -1.00000000e+00
 -9.34056992e+00 -7.88231996e+00 -1.00000000e+00
 -6.02535055e+00 7.66479542e+00 -1.00000000e+00
 3.78252598e+00 6.55058264e-02 1.00000000e+00
 -3.57698726e+00 -1.03337607e+00 -1.00000000e+00
 1.94558780e+00 -3.94897723e+00 -1.00000000e+00
 -8.53381487e+00 -1.17722245e-01 -1.00000000e+00
 -6.31524880e-01 4.64957487e+00 1.00000000e+00
 1.22908454e+00 7.02775555e+00 1.00000000e+00
 -8.32482513e+00 9.07201000e+00 -1.00000000e+00
 -5.30409473e+00 3.77726424e+00 -1.00000000e+00
 4.00379138e+00 -5.64714637e+00 -1.00000000e+00
 -9.95911262e+00 -5.86769576e+00 -1.00000000e+00
 -2.20774408e+00 -6.60582854e+00 -1.00000000e+00
 5.85718384e+00 4.81058068e+00 1.00000000e+00
 -4.77223320e+00 -3.02138947e+00 -1.00000000e+00
 2.39857831e+00 -1.91884327e+00 1.00000000e+00
 6.26221552e+00 9.91052697e+00 1.00000000e+00
 -6.46380901e+00 -6.95001843e+00 -1.00000000e+00
 2.97733936e+00 -2.17549826e+00 1.00000000e+00
 7.64447894e+00 7.06864621e+00 1.00000000e+00
 9.50118521e+00 -9.01705533e+00 1.00000000e+00
 5.88279633e+00 -1.43607330e+00 1.00000000e+00
 8.79835302e+00 4.43576714e+00 1.00000000e+00
 8.77091629e-01 -4.69793753e+00 -1.00000000e+00
 -1.96400991e-01 -3.89238704e+00 -1.00000000e+00
 5.88255423e+00 -4.23317109e-01 1.00000000e+00
 -7.39139906e+00 7.32212924e+00 1.00000000e+00
 -2.69730871e+00 -5.67740324e+00 -1.00000000e+00
 -7.71701494e+00 9.07251171e+00 -1.00000000e+00
 -1.16697829e+00 7.29262936e+00 1.00000000e+00
 -5.47079157e+00 9.16407068e+00 1.00000000e+00
 5.72799781e+00 5.42620267e+00 1.00000000e+00
 8.17965154e+00 1.46127268e+00 1.00000000e+00
 -2.73364452e+00 7.29644806e+00 1.00000000e+00
 -8.39375735e+00 -1.47069715e+00 -1.00000000e+00
 5.85400772e+00 7.18514093e+00 1.00000000e+00
 7.60068382e+00 3.25269047e+00 1.00000000e+00
 -4.90127253e+00 9.78213868e+00 -1.00000000e+00
 -3.01692186e+00 4.72865458e-01 -1.00000000e+00
 -9.76369119e+00 -7.46935479e+00 -1.00000000e+00
 -4.96862669e+00 9.12291534e+00 -1.00000000e+00
 3.60909716e+00 -2.44561597e+00 -1.00000000e+00
 7.57565093e+00 5.17857651e+00 1.00000000e+00
 -2.21290795e+00 9.47994027e+00 1.00000000e+00
 8.62666362e+00 4.76443352e+00 1.00000000e+00
 6.69858782e+00 1.77129815e-01 1.00000000e+00
 -9.69181432e-01 9.06384286e+00 1.00000000e+00
 -6.79835997e+00 7.17100877e+00 -1.00000000e+00
 9.61614085e+00 -3.15653956e+00 1.00000000e+00
 1.39461937e+00 2.17666821e+00 1.00000000e+00
 1.68605045e+00 8.87610403e+00 1.00000000e+00
 -9.51558670e+00 -9.59820675e+00 -1.00000000e+00
 -4.14940396e+00 7.80773066e+00 -1.00000000e+00
 5.41721090e+00 3.35376883e+00 1.00000000e+00
 -8.74522606e+00 -3.29892460e+00 -1.00000000e+00
 1.51008146e-01 -8.45935297e+00 -1.00000000e+00
 -5.51047304e+00 -1.97563579e+00 -1.00000000e+00
 -7.54312979e+00 -8.62918422e+00 -1.00000000e+00
 9.82509111e+00 -3.92318890e+00 1.00000000e+00
 -6.76591014e+00 -4.30791398e-02 -1.00000000e+00
 8.36107434e+00 -9.24280633e+00 -1.00000000e+00
 -5.43340334e+00 8.16122229e-01 -1.00000000e+00
 4.63298744e+00 -9.02157529e+00 -1.00000000e+00
 3.31477618e+00 -2.56457231e+00 1.00000000e+00
 -3.11742927e+00 4.67728409e-01 -1.00000000e+00
 6.71166147e+00 3.22418895e-01 1.00000000e+00
 4.05485183e-01 2.05877477e-01 -1.00000000e+00
 -1.85175980e+00 -9.03028852e-01 -1.00000000e+00
 -4.37908036e+00 8.00873071e-01 -1.00000000e+00
 -5.25223898e+00 3.76304448e+00 -1.00000000e+00
 -7.57877118e-01 -9.86604760e+00 -1.00000000e+00
 3.25055585e+00 5.33516909e+00 -1.00000000e+00
 -5.14918107e+00 -3.38727875e+00 -1.00000000e+00
 -2.89103099e+00 4.35520896e+00 -1.00000000e+00
 -8.60167124e+00 1.61642624e+00 -1.00000000e+00
 4.99406828e+00 -3.95939343e+00 -1.00000000e+00
 6.61229112e+00 -4.83305942e+00 1.00000000e+00
 -2.08306331e+00 -2.46516472e+00 -1.00000000e+00
 6.05290105e+00 -2.83517435e+00 1.00000000e+00
 -1.13415060e+00 -1.59722885e+00 -1.00000000e+00
 -5.19903578e+00 2.79865940e+00 -1.00000000e+00
 9.57395640e+00 -9.55083269e+00 1.00000000e+00
 -4.50271030e-01 8.99667890e+00 -1.00000000e+00
 1.58774888e+00 2.93243443e+00 1.00000000e+00
 9.93964358e+00 1.48586445e+00 1.00000000e+00
 3.86408928e+00 1.95674065e+00 1.00000000e+00
 3.37868453e+00 9.41518675e+00 1.00000000e+00
 -3.82731446e-01 -1.69050082e+00 -1.00000000e+00
 -6.59583800e+00 7.12067274e+00 -1.00000000e+00
 -6.17842486e+00 -7.53883922e+00 -1.00000000e+00
 1.58421576e+00 -5.27873749e+00 -1.00000000e+00
 -7.49378058e+00 -6.00115775e-01 -1.00000000e+00
 -9.87883088e+00 4.58811993e+00 -1.00000000e+00
 2.29156495e+00 -7.65138960e+00 1.00000000e+00
 -5.71727813e-01 -4.70006753e+00 -1.00000000e+00
 -4.73486647e+00 -8.90092151e+00 -1.00000000e+00
 -2.27328202e+00 -3.92408185e+00 -1.00000000e+00
 1.82082760e+00 -3.56040078e+00 1.00000000e+00
 -5.28125248e+00 6.97266920e-01 -1.00000000e+00
 5.71942149e+00 1.07483460e+00 1.00000000e+00
 1.83772137e+00 -3.77081957e+00 -1.00000000e+00
 8.24316813e+00 4.27922004e+00 1.00000000e+00
 -6.44069204e-01 6.84300249e+00 1.00000000e+00
 7.06294538e+00 -3.02477513e+00 1.00000000e+00
 4.84370372e+00 -3.78886413e+00 1.00000000e+00
 -7.83401620e+00 2.02205125e+00 -1.00000000e+00
 9.62622630e+00 -1.09549863e+00 1.00000000e+00
 1.80663635e+00 -4.32032343e+00 -1.00000000e+00
 -1.12298917e+00 7.24044299e+00 1.00000000e+00
 7.95078661e+00 -7.06005434e+00 -1.00000000e+00
 -7.85480061e+00 2.90606408e+00 -1.00000000e+00
 3.43372262e+00 -8.71291152e+00 -1.00000000e+00
 -9.22544075e+00 -4.08153188e+00 -1.00000000e+00
 5.68327932e+00 8.44297656e+00 1.00000000e+00
 7.86806686e-01 6.08021452e+00 1.00000000e+00
 2.68819297e+00 8.70471377e+00 1.00000000e+00
 1.00500847e+00 6.76005430e+00 1.00000000e+00
 7.74561871e+00 8.36395701e-01 1.00000000e+00
 -3.31842586e-01 1.59815421e+00 -1.00000000e+00
 -3.14821268e+00 -2.53579058e+00 -1.00000000e+00
 6.16073897e+00 5.00624788e+00 1.00000000e+00
 2.16726624e+00 5.63468013e-01 1.00000000e+00
 4.16487026e-01 -4.86507268e-01 -1.00000000e+00
 -9.17320048e+00 -3.02297741e+00 -1.00000000e+00
 -2.45386395e+00 -1.37100874e+00 -1.00000000e+00
 -9.64152213e+00 2.51566897e+00 -1.00000000e+00
 -3.94943064e+00 7.45043323e+00 -1.00000000e+00
 6.31368764e+00 2.36625530e+00 1.00000000e+00
 -3.40315263e+00 -8.19386328e+00 -1.00000000e+00
 6.30977896e+00 9.67567072e+00 1.00000000e+00
 -1.68859397e+00 9.86821241e+00 1.00000000e+00
 -6.75958920e+00 8.41766224e+00 1.00000000e+00
 6.50638386e+00 7.70780714e+00 1.00000000e+00
 -4.48577281e+00 4.74988620e+00 -1.00000000e+00
 2.10488943e+00 5.49646421e+00 1.00000000e+00
 3.19409671e+00 3.32188608e+00 1.00000000e+00
 -6.36712133e+00 2.91056545e+00 -1.00000000e+00
 -3.21491300e+00 -6.62606683e-01 -1.00000000e+00
 4.81505860e+00 -4.56577024e+00 -1.00000000e+00
 6.89063259e+00 8.07707154e+00 1.00000000e+00
 -9.96244911e+00 -5.67646385e+00 -1.00000000e+00
 4.94460685e+00 4.41938150e-01 1.00000000e+00
 4.40099860e+00 2.01284212e+00 1.00000000e+00
 3.50416277e+00 3.26630299e+00 1.00000000e+00
 -3.85986856e+00 -1.33306458e+00 -1.00000000e+00
 -5.92640820e+00 -6.09561451e+00 -1.00000000e+00
 -2.61410108e+00 6.65050676e+00 -1.00000000e+00
 -3.56614513e+00 7.13274459e+00 -1.00000000e+00
 -5.94756298e-01 1.93532444e+00 -1.00000000e+00
 -7.48399777e+00 -1.61919587e+00 -1.00000000e+00
 1.41799557e+00 3.22014768e+00 1.00000000e+00
 -5.10507117e+00 8.27377060e+00 1.00000000e+00
 4.02822721e+00 -4.00444854e+00 1.00000000e+00
 8.13480784e+00 5.10555194e-01 1.00000000e+00
 1.47452352e-01 5.71024303e+00 -1.00000000e+00
 4.08023032e+00 -9.22875702e+00 1.00000000e+00
 -9.67328807e-01 -5.12200169e-01 -1.00000000e+00
 -3.46074865e+00 -8.29051302e+00 -1.00000000e+00
 3.11821036e+00 1.43699375e+00 1.00000000e+00
 -9.39673849e+00 -7.48663539e+00 -1.00000000e+00
 -8.03128437e+00 -6.67389593e+00 -1.00000000e+00
 -1.64760358e+00 9.34496079e+00 -1.00000000e+00
 -1.84333163e+00 -9.50728725e+00 -1.00000000e+00
 7.59419369e+00 6.96424920e+00 1.00000000e+00
 6.15286419e+00 -4.07790555e+00 1.00000000e+00
 6.33798181e-02 2.83386100e+00 -1.00000000e+00
 8.44302420e+00 -7.39681140e+00 1.00000000e+00
 -2.65660881e+00 -7.98830294e+00 -1.00000000e+00
 5.07579089e+00 4.64981915e+00 1.00000000e+00
 7.98322400e+00 2.19286940e+00 1.00000000e+00
 -8.27003948e+00 -1.82750231e+00 -1.00000000e+00
 -1.26474376e+00 8.17166362e-01 -1.00000000e+00
 -2.17346332e+00 -8.23546162e+00 -1.00000000e+00
 -8.34124168e-01 -2.25868300e+00 -1.00000000e+00
 7.09859732e+00 3.05463775e+00 1.00000000e+00
 -9.07709262e+00 -8.03421674e+00 -1.00000000e+00
 -4.48175929e+00 -6.05486081e+00 -1.00000000e+00
 1.53494842e+00 5.60398000e-02 1.00000000e+00
 4.10949690e+00 2.29269058e-03 1.00000000e+00
 -1.42986338e+00 6.88572020e+00 -1.00000000e+00
 -4.35030759e+00 -7.87212501e+00 -1.00000000e+00
 -6.67017548e+00 -5.64641601e+00 -1.00000000e+00
 5.64741104e+00 -4.92170193e+00 1.00000000e+00
 2.86067597e+00 -4.04902840e+00 1.00000000e+00
 -8.62538685e+00 5.45028070e+00 -1.00000000e+00
 -6.51376103e+00 -8.63332696e+00 -1.00000000e+00
 5.04112589e+00 -9.25439438e+00 -1.00000000e+00
 9.95029791e+00 1.56893274e-01 1.00000000e+00
 -8.65412556e+00 5.02795149e+00 -1.00000000e+00
 2.00135155e-01 -2.77747467e+00 -1.00000000e+00
 -8.92050785e-01 7.43943593e+00 1.00000000e+00
 -5.72140229e+00 8.17645428e+00 -1.00000000e+00
 -8.50560642e+00 -2.75881750e+00 -1.00000000e+00
 -2.03848744e+00 4.32552925e+00 -1.00000000e+00
 -2.39249051e+00 6.98462338e+00 -1.00000000e+00
 -5.32069738e+00 5.70636974e+00 -1.00000000e+00
 -1.39088470e+00 4.12422310e+00 -1.00000000e+00
 -3.89139037e+00 7.01476741e-01 -1.00000000e+00
 7.48903963e+00 -2.84635685e-01 1.00000000e+00
 -6.06853182e+00 5.82483110e+00 -1.00000000e+00
 7.51576092e+00 -8.73248409e+00 1.00000000e+00
 7.22115731e+00 3.78554721e+00 1.00000000e+00
 9.12240806e+00 8.06689763e+00 1.00000000e+00
 4.53338904e+00 -2.22505619e+00 1.00000000e+00
 -1.57206069e-01 7.86490685e+00 1.00000000e+00
 -1.14282423e+00 -4.55316147e+00 -1.00000000e+00
 8.76552532e+00 -7.97996070e-01 1.00000000e+00
 4.50119915e+00 6.38606765e+00 1.00000000e+00
 4.47579947e+00 -2.09351017e+00 1.00000000e+00
 9.80827447e+00 -2.61825161e+00 1.00000000e+00
 7.14491935e+00 2.45888966e+00 1.00000000e+00
 -5.96316863e+00 -3.75041275e+00 -1.00000000e+00
 1.29590568e+00 1.96802358e+00 1.00000000e+00
 5.94450492e+00 -6.45387441e+00 1.00000000e+00
 -8.58431814e+00 9.54720606e+00 -1.00000000e+00
 2.38062305e-01 -6.70131212e-01 -1.00000000e+00
 7.84179343e+00 -4.11519467e+00 1.00000000e+00
 4.06605769e+00 1.52902146e+00 1.00000000e+00
 -3.20477799e+00 9.95202263e+00 1.00000000e+00
 -7.63469426e+00 3.48612546e+00 -1.00000000e+00
 6.65892185e+00 -8.90496049e+00 1.00000000e+00
 6.75737032e+00 -4.38823582e+00 1.00000000e+00
 4.40980451e+00 1.03355959e-01 1.00000000e+00
 9.45671170e+00 -3.33053182e+00 1.00000000e+00
 -4.16041517e+00 3.50948163e+00 -1.00000000e+00
 9.89442177e-01 -5.27382810e+00 1.00000000e+00
 4.08940548e+00 -5.11957504e+00 -1.00000000e+00
 -5.15512379e+00 -5.37101579e+00 -1.00000000e+00
 9.06229578e-01 -4.27348634e+00 -1.00000000e+00
 2.22483310e+00 1.80669585e+00 1.00000000e+00
 3.09375106e+00 -1.91156012e+00 1.00000000e+00
 6.81596542e+00 2.96854501e+00 1.00000000e+00
 -3.07088536e+00 -4.93363282e+00 -1.00000000e+00
 2.34712030e-01 -4.96941215e-01 -1.00000000e+00
 9.63583937e+00 -7.59596914e+00 1.00000000e+00
 1.88836788e+00 -9.57318565e-02 1.00000000e+00
 -2.58071357e-02 -2.58772526e+00 -1.00000000e+00
 2.53731648e+00 6.11559858e+00 1.00000000e+00
 4.30136527e+00 -3.43017009e+00 -1.00000000e+00
 6.13071962e+00 2.24247150e+00 1.00000000e+00
 4.36342514e+00 7.04261282e+00 1.00000000e+00
 -7.55251443e+00 2.33750286e+00 -1.00000000e+00
 -4.13421299e+00 -4.11852036e+00 -1.00000000e+00
 8.25817683e+00 7.93265188e+00 1.00000000e+00
 9.17895591e+00 -5.58631696e+00 1.00000000e+00
 -9.17387284e+00 -2.73516654e-01 -1.00000000e+00
 -9.27885447e+00 -9.88045410e+00 -1.00000000e+00
 1.77117171e+00 5.02704051e+00 1.00000000e+00
 -7.97067657e+00 6.62424037e+00 -1.00000000e+00
 7.10147427e+00 8.31249441e+00 1.00000000e+00
 -7.93103919e+00 6.86069066e+00 -1.00000000e+00
 -8.73818532e+00 7.21151084e+00 -1.00000000e+00
 -2.66461627e+00 -2.02890829e+00 -1.00000000e+00
 -5.84683106e+00 7.94854991e+00 -1.00000000e+00
 1.42615212e+00 -3.86199272e+00 -1.00000000e+00
