 u v w
 9.75141889e+00 7.38729973e+00 1.00000000e+00
 3.15611271e+00 4.92258398e+00 1.00000000e+00
 4.62825605e+00 -2.63809479e+00 1.00000000e+00
 1.02564030e+00 5.67565942e+00 1.00000000e+00
 -4.34314213e+00 -2.44002838e-01 -1.00000000e+00
 -8.48813853e+00 -6.18403067e+00 -1.00000000e+00
 5.33799848e+00 8.91537914e-01 1.00000000e+00
 -6.83331294e+00 8.51395170e+00 -1.00000000e+00
 5.54691727e+00 -3.82493227e+00 1.00000000e+00
 5.54414480e+00 -4.55090760e+00 1.00000000e+00
 -3.92735250e+00 -6.82781565e+00 -1.00000000e+00
 -1.01154898e+00 -5.83124033e-01 -1.00000000e+00
 -4.56899595e+00 5.32760135e-01 -1.00000000e+00
 -1.02023582e+00 -5.41328417e+00 -1.00000000e+00
 -3.30347791e+00 -9.84990850e+00 -1.00000000e+00
 5.99476895e+00 -1.92442863e+00 1.00000000e+00
 -4.31391130e-01 9.69469398e-01 -1.00000000e+00
 8.22334513e+00 1.94876257e+00 1.00000000e+00
 -2.35778618e+00 9.33193563e+00 1.00000000e+00
 3.07731406e+00 3.33107590e+00 1.00000000e+00
 -1.04086882e+00 4.35223641e+00 1.00000000e+00
 2.04028309e-01 -4.83595938e+00 -1.00000000e+00
 6.77230160e+00 8.29776630e+00 1.00000000e+00
 1.58276620e+00 4.23490052e+00 1.00000000e+00
 9.84287698e+00 2.08095818e+00 1.00000000e+00
 7.10340473e+00 -2.60142505e-01 1.00000000e+00
 6.89083854e+00 2.90631193e+00 1.00000000e+00
 4.24731763e+00 9.80932417e+00 1.00000000e+00
 9.95198261e+00 -4.30596872e+00 1.00000000e+00
 -2.38551603e-02 2.80284907e+00 1.00000000e+00
 -5.14615731e+00 6.71447173e+00 -1.00000000e+00
 2.95075329e+00 -8.61018797e+00 -1.00000000e+00
 9.27725095e+00 9.91390197e+00 1.00000000e+00
 -5.36005029e-01 -2.76698683e+00 -1.00000000e+00
 9.48960422e+00 -1.04621651e+00 1.00000000e+00
 -5.91024127e+00 3.16241120e+00 -1.00000000e+00
 -6.16721830e+00 -6.86523387e+00 -1.00000000e+00
 9.55772111e+00 7.02991758e+00 1.00000000e+00
 6.55265013e+00 5.24280944e+00 1.00000000e+00
 -9.35236459e+00 -7.89645390e+00 -1.00000000e+00
 8.57092845e-01 1.21070836e+00 1.00000000e+00
 -8.39231529e+00 -4.58806553e+00 -1.00000000e+00
 -8.25295029e+00 -8.33798295e+00 -1.00000000e+00
 7.45240225e+00 -7.30102182e+00 1.00000000e+00
 -9.36626985e+00 6.29717487e+00 -1.00000000e+00
 -5.43850997e+00 -2.01512919e-01 -1.00000000e+00
 3.09524885e+00 3.60197088e+00 1.00000000e+00
 -4.54958772e+00 -5.38886190e+00 -1.00000000e+00
 -3.16868374e+00 -6.37029029e+00 -1.00000000e+00
 7.62837097e+00 -8.67071380e+00 -1.00000000e+00
 4.28321344e+00 -5.91719733e+00 -1.00000000e+00
 7.45287531e+00 -5.24815383e-01 1.00000000e+00
 8.56599370e+00 -1.74718565e+00 1.00000000e+00
 -2.01591162e+00 9.02550108e+00 1.00000000e+00
 7.71739310e+00 1.18573989e+00 1.00000000e+00
 -6.29988052e-01 -8.36561884e+00 -1.00000000e+00
 -6.15655670e+00 -5.56839318e+00 -1.00000000e+00
 -1.32760741e+00 1.07727934e+00 -1.00000000e+00
 -6.52858508e+00 2.18538650e+00 -1.00000000e+00
 5.93824251e+00 -8.07607506e+00 1.00000000e+00
 6.46913960e+00 6.09268793e+00 1.00000000e+00
 2.04338023e+00 9.85095875e+00 1.00000000e+00
 3.55761885e+00 5.09237691e+00 1.00000000e+00
 -1.70318330e+00 4.51966662e+00 -1.00000000e+00
 6.94707205e+00 1.49829255e+00 1.00000000e+00
 1.13987990e+00 -6.25126329e+00 -1.00000000e+00
 -4.31213845e+00 7.78720639e+00 -1.00000000e+00
 6.94658792e+00 -1.32872112e+00 1.00000000e+00
 3.77152803e+00 6.31725053e+00 1.00000000e+00
 -7.66938020e+00 9.56217508e+00 -1.00000000e+00
 -6.49844272e+00 2.68718514e+00 -1.00000000e+00
 -1.01337035e+00 6.15713184e+00 -1.00000000e+00
 7.24538874e+00 -7.49473283e+00 1.00000000e+00
 -2.39437428e+00 -8.14338719e+00 -1.00000000e+00
 4.71641125e+00 5.75006834e-01 1.00000000e+00
 6.84963444e+00 9.87680637e+00 1.00000000e+00
 4.06619839e+00 -8.68519577e+00 -1.00000000e+00
 -4.92520406e+00 -8.40364372e+00 -1.00000000e+00
 2.28971909e+00 -3.27967132e+00 -1.00000000e+00
 8.27851918e+00 8.40385338e+00 1.00000000e+00
 -2.39149722e+00 8.19970536e+00 -1.00000000e+00
 -8.13453598e+00 5.46598918e+00 -1.00000000e+00
 3.35435642e+00 5.11337682e+00 1.00000000e+00
 7.35720524e+00 8.09054872e-01 1.00000000e+00
 -3.00717640e+00 9.67417335e-01 -1.00000000e+00
 2.76980605e+00 2.72991148e+00 1.00000000e+00
 9.72020125e+00 1.57222437e+00 1.00000000e+00
 7.39889493e+00 4.47288203e-01 1.00000000e+00
 -3.24143872e+00 -1.83476483e+00 -1.00000000e+00
 -7.68085730e+00 8.63847384e+00 -1.00000000e+00
 -2.08316964e+00 5.03812812e+00 -1.00000000e+00
 4.52002117e+00 2.49517527e+00 1.00000000e+00
 3.01711990e+00 -2.89064352e+00 -1.00000000e+00
 -5.53859757e+00 5.06817140e+00 -1.00000000e+00
 7.88603362e+00 -8.84236771e+00 1.00000000e+00
 3.00172019e+00 -5.80448493e-01 1.00000000e+00
 -9.78163415e-01 9.69078846e+00 1.00000000e+00
 -4.14113149e+00 1.54714788e+00 -1.00000000e+00
 6.67305673e+00 9.27241498e+00 1.00000000e+00
 -2.93658142e+00 -2.54637061e+00 -1.00000000e+00
 2.40809647e+00 8.93005395e+00 1.00000000e+00
 9.07142232e-01 2.54339133e+00 -1.00000000e+00
 -7.73735308e+00 5.79714016e+00 -1.00000000e+00
 1.31935770e+00 2.29368611e+00 1.00000000e+00
 -7.33923246e+00 -9.87703409e+00 -1.00000000e+00
 3.76240077e+00 -1.19617193e+00 1.00000000e+00
 -9.96599926e+00 7.15134322e+00 -1.00000000e+00
 -5.93035775e+00 -6.07555697e+00 -1.00000000e+00
 3.47174597e+00 -1.56028365e+00 1.00000000e+00
 -1.01015874e+00 9.52746358e-01 -1.00000000e+00
 -8.69727905e+00 4.73268716e+00 -1.00000000e+00
 4.57363775e+00 -7.59829696e+00 1.00000000e+00
 -2.79818946e+00 -4.78007662e+00 -1.00000000e+00
 1.52114111e+00 9.40696740e+00 1.00000000e+00
 -5.00910230e-01 -5.93592060e+00 -1.00000000e+00
 -1.94530460e+00 8.07773784e+00 1.00000000e+00
 -5.57742588e+00 -3.12665021e+00 -1.00000000e+00
 -1.21991543e+00 -7.99793969e+00 -1.00000000e+00
 2.36645387e+00 2.01100501e+00 1.00000000e+00
 2.70884265e+00 2.29635629e+00 1.00000000e+00
 -8.74248712e+00 1.91274744e+00 -1.00000000e+00
 4.10528549e+00 -7.13208553e+00 -1.00000000e+00
 5.87806016e+00 5.98773221e+00 1.00000000e+00
 9.98342663e+00 -4.41122879e-01 1.00000000e+00
 3.67495488e+00 7.72935377e+00 1.00000000e+00
 -7.56692893e-01 1.60837601e+00 -1.00000000e+00
 7.80181827e+00 -5.19304757e+00 1.00000000e+00
 -4.04707681e+00 3.18611614e+00 -1.00000000e+00
 -9.51233111e+00 3.94097457e+00 -1.00000000e+00
 -4.39744670e+00 -6.70697863e+00 -1.00000000e+00
 1.01885489e+00 4.40461384e-02 -1.00000000e+00
 3.54931392e-01 3.78960338e+00 -1.00000000e+00
 4.03153280e+00 4.09925179e+00 1.00000000e+00
 1.92863552e+00 -8.02770168e+00 1.00000000e+00
 6.82124726e+00 -9.39106967e+00 -1.00000000e+00
 -2.78448585e+00 -8.62857820e+00 -1.00000000e+00
 -5.85997160e+00 -7.18100282e+00 -1.00000000e+00
 -3.26686954e+00 -8.67911027e+00 -1.00000000e+00
 8.45088760e+00 2.43009954e+00 1.00000000e+00
 -9.53054174e+00 -8.35406044e-01 -1.00000000e+00
 5.87185669e-02 6.02534815e+00 -1.00000000e+00
 -4.45758409e-01 5.37439720e+00 1.00000000e+00
 -5.35153144e+00 9.30146464e+00 1.00000000e+00
 1.32145272e+00 7.11264560e+00 1.00000000e+00
 1.33872491e+00 3.26151007e+00 1.00000000e+00
 2.34954819e+00 8.63360546e+00 1.00000000e+00
 -2.47441582e+00 3.28418062e+00 -1.00000000e+00
 -2.73184606e+00 -4.78334446e+00 -1.00000000e+00
 -6.92041479e+00 -8.78618771e+00 -1.00000000e+00
 8.28313616e+00 7.10280207e+00 1.00000000e+00
 6.82457892e+00 8.77537161e+00 1.00000000e+00
 -1.99779998e+00 1.02349788e+00 -1.00000000e+00
 -8.82814098e-01 8.51692613e+00 1.00000000e+00
 4.98961144e+00 3.09014229e+00 1.00000000e+00
 7.29871024e+00 -6.81501143e+00 1.00000000e+00
 -1.47341113e+00 4.69243504e+00 -1.00000000e+00
 -8.06044843e+00 -7.06679763e+00 -1.00000000e+00
 2.05530141e+00 -9.20901628e+00 -1.00000000e+00
 8.64854683e+00 -5.48736064e+00 1.00000000e+00
 -3.77392725e-01 1.07619302e-01 -1.00000000e+00
 -4.68103213e+00 6.62998092e+00 -1.00000000e+00
 -8.90814302e+00 1.65084069e+00 -1.00000000e+00
 -7.52247830e+00 2.37118952e+00 -1.00000000e+00
 8.84618940e+00 -2.24420431e+00 1.00000000e+00
 -1.51547512e+00 -7.63873591e+00 -1.00000000e+00
 8.18330766e+00 3.62724239e-01 1.00000000e+00
 6.46389225e+00 6.57579957e+00 1.00000000e+00
 -7.60216914e+00 3.31124538e+00 -1.00000000e+00
 -8.84173337e+00 -1.84517427e+00 -1.00000000e+00
 -8.19458849e+00 -4.41074868e-01 -1.00000000e+00
 -8.86845570e+00 3.75692130e+00 -1.00000000e+00
 7.52093758e+00 5.22707135e+00 1.00000000e+00
 -3.13919097e+00 -2.92732154e+00 -1.00000000e+00
 -5.08951403e+00 -6.57518445e+00 -1.00000000e+00
 9.94949963e+00 -7.76478263e+00 1.00000000e+00
 -3.35318481e-01 9.97645064e+00 -1.00000000e+00
 -4.67072331e+00 -5.31957386e+00 -1.00000000e+00
 -1.52931786e+00 -2.08415817e+00 -1.00000000e+00
 -9.67307677e+00 3.73305177e+00 -1.00000000e+00
 -6.58318256e+00 -5.19522369e+00 -1.00000000e+00
 -4.60255461e-01 -2.01010709e+00 -1.00000000e+00
 -4.74631872e+00 -8.70571125e+00 -1.00000000e+00
 -7.22004904e+00 -1.72076048e+00 -1.00000000e+00
 -7.59433539e+00 -7.90289382e-02 -1.00000000e+00
 -8.35745486e+00 -9.81202156e+00 -1.00000000e+00
 9.49436870e+00 7.43159974e+00 1.00000000e+00
 -2.30545677e+00 8.99745696e+00 -1.00000000e+00
 7.05475105e+00 7.14286711e+00 1.00000000e+00
 8.97235262e+00 3.24517550e+00 1.00000000e+00
 -7.79622553e+00 6.49611287e+00 -1.00000000e+00
 -8.15735750e+00 3.65407160e+00 -1.00000000e+00
 -1.71070282e+00 2.76343961e-01 -1.00000000e+00
 -6.75572044e+00 1.51133210e+00 -1.00000000e+00
 9.27542527e+00 -4.06965865e-01 1.00000000e+00
 2.06034849e+00 4.10055864e+00 1.00000000e+00
 -2.91688761e+00 -4.08370032e+00 -1.00000000e+00
 3.98945749e+00 -3.64243140e-01 1.00000000e+00
 9.75264523e+00 -1.45933338e+00 1.00000000e+00
 9.64209637e+00 -3.15758751e+00 1.00000000e+00
 -3.12397139e+00 -3.78922263e+00 -1.00000000e+00
